79669.92319571023
86267.67410240523
72260.35360670522
75132.40765927409
68932.60291310189
71197.83341083178
67782.53778455083
69379.57741407021
67383.70755890005
68477.80188344183
67207.1847962463
68004.15388366985
67138.95537950724
67708.2593908048
67131.66393460237
67524.4769136909
67132.11109106532
67413.71012183832
67138.84981450989
67339.82543897287
67149.78500618057
67290.83065799494
67158.76207903406
67259.22574545431
67166.02938067673
67237.78022611351
67172.32050731938
67223.12743900815
67177.14437296013
67213.31945185302
67180.7511381121
67206.59757736753
67183.54912115251
67201.93310323817
67185.632388855
67198.74209311948
67187.1593955406
67196.52571855151
67188.29833357596
67194.97937612658
67189.1321605547
67193.9036297206
67189.74037804041
67193.15073825695
67190.1847357373
67192.62137402028
67190.50788331694
67192.25035502914
67190.7423803128
67191.98879607998
67190.91290195168
67191.80442697176
67191.03608698417
67191.67433608627
67191.12532990506
